300 300
174 41 
267 244 
1 263 
170 247 
235 36 
215 40 
278 26 
265 48 
26 138 
99 179 
16 133 
2 66 
202 70 
164 98 
270 111 
148 106 
249 110 
7 82 
223 154 
213 72 
136 97 
147 253 
284 136 
289 294 
24 43 
232 192 
214 6 
155 86 
225 217 
144 67 
216 165 
102 223 
254 281 
67 22 
178 1 
4 69 
134 105 
25 41 
143 5 
31 97 
236 119 
3 79 
153 162 
283 67 
281 229 
118 275 
85 107 
131 81 
181 154 
180 35 
228 27 
130 284 
259 173 
130 195 
56 48 
195 139 
205 300 
63 169 
185 296 
58 23 
11 152 
239 218 
202 184 
246 185 
247 63 
153 118 
281 237 
270 225 
100 32 
198 68 
32 5 
249 219 
120 222 
9 290 
181 35 
292 34 
152 87 
247 191 
63 287 
144 218 
113 30 
74 111 
231 263 
253 260 
120 267 
297 1 
180 259 
145 141 
113 109 
214 70 
59 81 
179 294 
65 254 
234 125 
173 36 
274 208 
254 209 
58 35 
62 236 
8 43 
276 81 
186 47 
153 122 
127 110 
48 168 
266 31 
255 210 
41 186 
226 219 
28 158 
190 89 
292 224 
56 270 
226 225 
191 192 
121 246 
83 205 
73 147 
149 231 
269 224 
275 131 
161 107 
133 120 
125 97 
290 73 
96 123 
131 126 
66 89 
254 150 
15 189 
162 110 
93 263 
3 156 
15 87 
32 46 
29 269 
173 182 
226 166 
3 77 
180 13 
78 120 
260 66 
164 145 
164 300 
120 232 
256 209 
113 22 
191 209 
145 38 
49 181 
66 225 
84 94 
10 3 
223 243 
1 227 
117 83 
101 92 
154 111 
69 170 
132 22 
75 98 
248 58 
236 282 
44 39 
280 132 
111 129 
134 55 
63 227 
198 73 
155 229 
221 130 
194 54 
296 79 
108 88 
239 64 
234 176 
194 15 
23 282 
191 67 
112 13 
129 242 
99 16 
8 131 
11 8 
174 206 
30 241 
27 202 
157 251 
84 266 
113 123 
23 36 
227 127 
247 174 
239 73 
125 77 
174 298 
150 215 
264 170 
17 92 
12 169 
100 253 
195 53 
124 242 
142 154 
156 295 
132 2 
222 85 
155 53 
292 164 
203 60 
183 47 
212 82 
144 148 
39 142 
115 179 
293 21 
5 39 
144 163 
88 127 
115 170 
12 241 
201 209 
150 50 
86 49 
260 141 
103 285 
169 277 
250 125 
117 272 
238 295 
132 197 
5 202 
90 106 
251 167 
227 124 
107 227 
201 213 
23 40 
8 36 
286 271 
74 211 
29 209 
268 130 
151 295 
101 93 
280 47 
142 75 
285 83 
241 27 
63 241 
58 288 
243 273 
288 170 
183 197 
21 16 
169 70 
8 212 
63 80 
186 67 
105 268 
199 73 
174 300 
284 6 
188 279 
7 256 
214 33 
46 207 
119 100 
187 111 
237 67 
39 42 
131 36 
130 186 
203 268 
117 13 
235 228 
277 118 
78 217 
71 66 
50 223 
156 172 
291 246 
125 233 
183 22 
111 197 
106 217 
199 293 
217 297 
274 281 
176 178 
64 99 
241 213 
188 42 
242 217 
290 153 
80 6 
162 8 
190 204 
202 134 
87 300 
